% Steerable pyramid filters.  Transform described  in:
%
% @INPROCEEDINGS{Simoncelli95b,
%	TITLE = "The Steerable Pyramid: A Flexible Architecture for
%		 Multi-Scale Derivative Computation",
%	AUTHOR = "E P Simoncelli and W T Freeman",
%	BOOKTITLE = "Second Int'l Conf on Image Processing",
%	ADDRESS = "Washington, DC", MONTH = "October", YEAR = 1995 }
%
% Filter kernel design described in:
%
%@INPROCEEDINGS{Karasaridis96,
%	TITLE = "A Filter Design Technique for 
%		Steerable Pyramid Image Transforms",
%	AUTHOR = "A Karasaridis and E P Simoncelli",
%	BOOKTITLE = "ICASSP",	ADDRESS = "Atlanta, GA",
%	MONTH = "May",	YEAR = 1996 }

% Eero Simoncelli, 6/96.

function [lo0filt,hi0filt,lofilt,bfilts,mtx,harmonics] = sp3Filters();

harmonics = [1 3];

mtx = [ ...
    0.5000    0.3536         0   -0.3536
   -0.0000    0.3536    0.5000    0.3536
    0.5000   -0.3536         0    0.3536
   -0.0000    0.3536   -0.5000    0.3536];

hi0filt = [ 
-4.0483998600E-4  -6.2596000498E-4  -3.7829999201E-5  8.8387000142E-4  1.5450799838E-3  1.9235999789E-3  2.0687500946E-3  2.0898699295E-3  2.0687500946E-3  1.9235999789E-3  1.5450799838E-3  8.8387000142E-4  -3.7829999201E-5  -6.2596000498E-4  -4.0483998600E-4
-6.2596000498E-4  -3.2734998967E-4  7.7435001731E-4  1.5874400269E-3  2.1750701126E-3  2.5626500137E-3  2.2892199922E-3  1.9755100366E-3  2.2892199922E-3  2.5626500137E-3  2.1750701126E-3  1.5874400269E-3  7.7435001731E-4  -3.2734998967E-4  -6.2596000498E-4
-3.7829999201E-5  7.7435001731E-4  1.1793200392E-3  1.4050999889E-3  2.2253401112E-3  2.1145299543E-3  3.3578000148E-4  -8.3368999185E-4  3.3578000148E-4  2.1145299543E-3  2.2253401112E-3  1.4050999889E-3  1.1793200392E-3  7.7435001731E-4  -3.7829999201E-5
8.8387000142E-4  1.5874400269E-3  1.4050999889E-3  1.2960999738E-3  -4.9274001503E-4  -3.1295299996E-3  -4.5751798898E-3  -5.1014497876E-3  -4.5751798898E-3  -3.1295299996E-3  -4.9274001503E-4  1.2960999738E-3  1.4050999889E-3  1.5874400269E-3  8.8387000142E-4
1.5450799838E-3  2.1750701126E-3  2.2253401112E-3  -4.9274001503E-4  -6.3222697936E-3  -2.7556000277E-3  5.3632198833E-3  7.3032598011E-3  5.3632198833E-3  -2.7556000277E-3  -6.3222697936E-3  -4.9274001503E-4  2.2253401112E-3  2.1750701126E-3  1.5450799838E-3
1.9235999789E-3  2.5626500137E-3  2.1145299543E-3  -3.1295299996E-3  -2.7556000277E-3  1.3962360099E-2  7.8046298586E-3  -9.3812197447E-3  7.8046298586E-3  1.3962360099E-2  -2.7556000277E-3  -3.1295299996E-3  2.1145299543E-3  2.5626500137E-3  1.9235999789E-3
2.0687500946E-3  2.2892199922E-3  3.3578000148E-4  -4.5751798898E-3  5.3632198833E-3  7.8046298586E-3  -7.9501636326E-2  -0.1554141641      -7.9501636326E-2  7.8046298586E-3  5.3632198833E-3  -4.5751798898E-3  3.3578000148E-4  2.2892199922E-3  2.0687500946E-3
2.0898699295E-3  1.9755100366E-3  -8.3368999185E-4  -5.1014497876E-3  7.3032598011E-3  -9.3812197447E-3  -0.1554141641      0.7303866148      -0.1554141641      -9.3812197447E-3  7.3032598011E-3  -5.1014497876E-3  -8.3368999185E-4  1.9755100366E-3  2.0898699295E-3
2.0687500946E-3  2.2892199922E-3  3.3578000148E-4  -4.5751798898E-3  5.3632198833E-3  7.8046298586E-3  -7.9501636326E-2  -0.1554141641      -7.9501636326E-2  7.8046298586E-3  5.3632198833E-3  -4.5751798898E-3  3.3578000148E-4  2.2892199922E-3  2.0687500946E-3
1.9235999789E-3  2.5626500137E-3  2.1145299543E-3  -3.1295299996E-3  -2.7556000277E-3  1.3962360099E-2  7.8046298586E-3  -9.3812197447E-3  7.8046298586E-3  1.3962360099E-2  -2.7556000277E-3  -3.1295299996E-3  2.1145299543E-3  2.5626500137E-3  1.9235999789E-3
1.5450799838E-3  2.1750701126E-3  2.2253401112E-3  -4.9274001503E-4  -6.3222697936E-3  -2.7556000277E-3  5.3632198833E-3  7.3032598011E-3  5.3632198833E-3  -2.7556000277E-3  -6.3222697936E-3  -4.9274001503E-4  2.2253401112E-3  2.1750701126E-3  1.5450799838E-3
8.8387000142E-4  1.5874400269E-3  1.4050999889E-3  1.2960999738E-3  -4.9274001503E-4  -3.1295299996E-3  -4.5751798898E-3  -5.1014497876E-3  -4.5751798898E-3  -3.1295299996E-3  -4.9274001503E-4  1.2960999738E-3  1.4050999889E-3  1.5874400269E-3  8.8387000142E-4
-3.7829999201E-5  7.7435001731E-4  1.1793200392E-3  1.4050999889E-3  2.2253401112E-3  2.1145299543E-3  3.3578000148E-4  -8.3368999185E-4  3.3578000148E-4  2.1145299543E-3  2.2253401112E-3  1.4050999889E-3  1.1793200392E-3  7.7435001731E-4  -3.7829999201E-5
-6.2596000498E-4  -3.2734998967E-4  7.7435001731E-4  1.5874400269E-3  2.1750701126E-3  2.5626500137E-3  2.2892199922E-3  1.9755100366E-3  2.2892199922E-3  2.5626500137E-3  2.1750701126E-3  1.5874400269E-3  7.7435001731E-4  -3.2734998967E-4  -6.2596000498E-4
-4.0483998600E-4  -6.2596000498E-4  -3.7829999201E-5  8.8387000142E-4  1.5450799838E-3  1.9235999789E-3  2.0687500946E-3  2.0898699295E-3  2.0687500946E-3  1.9235999789E-3  1.5450799838E-3  8.8387000142E-4  -3.7829999201E-5  -6.2596000498E-4  -4.0483998600E-4
];

lo0filt = [
-8.7009997515E-5  -1.3542800443E-3  -1.6012600390E-3  -5.0337001448E-4  2.5240099058E-3  -5.0337001448E-4  -1.6012600390E-3  -1.3542800443E-3  -8.7009997515E-5
-1.3542800443E-3  2.9215801042E-3  7.5227199122E-3  8.2244202495E-3  1.1076199589E-3  8.2244202495E-3  7.5227199122E-3  2.9215801042E-3  -1.3542800443E-3
-1.6012600390E-3  7.5227199122E-3  -7.0612900890E-3  -3.7694871426E-2  -3.2971370965E-2  -3.7694871426E-2  -7.0612900890E-3  7.5227199122E-3  -1.6012600390E-3
-5.0337001448E-4  8.2244202495E-3  -3.7694871426E-2  4.3813198805E-2  0.1811603010      4.3813198805E-2  -3.7694871426E-2  8.2244202495E-3  -5.0337001448E-4
2.5240099058E-3  1.1076199589E-3  -3.2971370965E-2  0.1811603010      0.4376249909      0.1811603010      -3.2971370965E-2  1.1076199589E-3  2.5240099058E-3
-5.0337001448E-4  8.2244202495E-3  -3.7694871426E-2  4.3813198805E-2  0.1811603010      4.3813198805E-2  -3.7694871426E-2  8.2244202495E-3  -5.0337001448E-4
-1.6012600390E-3  7.5227199122E-3  -7.0612900890E-3  -3.7694871426E-2  -3.2971370965E-2  -3.7694871426E-2  -7.0612900890E-3  7.5227199122E-3  -1.6012600390E-3
-1.3542800443E-3  2.9215801042E-3  7.5227199122E-3  8.2244202495E-3  1.1076199589E-3  8.2244202495E-3  7.5227199122E-3  2.9215801042E-3  -1.3542800443E-3
-8.7009997515E-5  -1.3542800443E-3  -1.6012600390E-3  -5.0337001448E-4  2.5240099058E-3  -5.0337001448E-4  -1.6012600390E-3  -1.3542800443E-3  -8.7009997515E-5
];

