/**
 *
 *  Copyright 2016-2020 Netflix, Inc.
 *
 *     Licensed under the BSD+Patent License (the "License");
 *     you may not use this file except in compliance with the License.
 *     You may obtain a copy of the License at
 *
 *         https://opensource.org/licenses/BSDplusPatent
 *
 *     Unless required by applicable law or agreed to in writing, software
 *     distributed under the License is distributed on an "AS IS" BASIS,
 *     WITHOUT WARRANTIES OR CONDITIONS OF ANY KIND, either express or implied.
 *     See the License for the specific language governing permissions and
 *     limitations under the License.
 *
 */

#include <stdint.h>

#if 1 //defined(_MSC_VER)
const float vif_filter1d_table_s[4][17] = {
    { 0.00745626912, 0.0142655009, 0.0250313189, 0.0402820669, 0.0594526194, 0.0804751068, 0.0999041125, 0.113746084, 0.118773937, 0.113746084, 0.0999041125, 0.0804751068, 0.0594526194, 0.0402820669, 0.0250313189, 0.0142655009, 0.00745626912 },
    { 0.0189780835, 0.0558981746, 0.120920904, 0.192116052, 0.224173605, 0.192116052, 0.120920904, 0.0558981746, 0.0189780835 },
    { 0.054488685, 0.244201347, 0.402619958, 0.244201347, 0.054488685 },
    { 0.166378498, 0.667243004, 0.166378498 }
};

const uint16_t integer_vif_filter1d_table_s[4][17] = {
    { 489, 935, 1640, 2640, 3896, 5274, 6547, 7455, 7784, 7455, 6547, 5274, 3896, 2640, 1640, 935, 489 },
    { 1244, 3663, 7925, 12590, 14692, 12590, 7925, 3663, 1244 },
    { 3571, 16004, 26386, 16004, 3571 },
    { 10904, 43728, 10904 }
};
#else
const float vif_filter1d_table_s[4][17] = {
    { 0x1.e8a77p-8,  0x1.d373b2p-7, 0x1.9a1cf6p-6, 0x1.49fd9ep-5, 0x1.e7092ep-5, 0x1.49a044p-4, 0x1.99350ep-4, 0x1.d1e76ap-4, 0x1.e67f8p-4, 0x1.d1e76ap-4, 0x1.99350ep-4, 0x1.49a044p-4, 0x1.e7092ep-5, 0x1.49fd9ep-5, 0x1.9a1cf6p-6, 0x1.d373b2p-7, 0x1.e8a77p-8 },
    { 0x1.36efdap-6, 0x1.c9eaf8p-5, 0x1.ef4ac2p-4, 0x1.897424p-3, 0x1.cb1b88p-3, 0x1.897424p-3, 0x1.ef4ac2p-4, 0x1.c9eaf8p-5, 0x1.36efdap-6 },
    { 0x1.be5f0ep-5, 0x1.f41fd6p-3, 0x1.9c4868p-2, 0x1.f41fd6p-3, 0x1.be5f0ep-5 },
    { 0x1.54be4p-3,  0x1.55a0ep-1,  0x1.54be4p-3 }
};
#endif

const int vif_filter1d_width[4] = { 17, 9, 5, 3 };

const float vif_filter2d_table_s[4][17 * 17] = {
    {
        5.55959459278305e-05, 0.000106367407656738, 0.000186640246416797, 0.000300353914609461, 0.000443294728908000, 0.000600044018801974, 0.000744911927278875, 0.000848121393654296, 0.000885609734747598, 0.000848121393654296, 0.000744911927278875, 0.000600044018801974, 0.000443294728908000, 0.000300353914609461, 0.000186640246416797, 0.000106367407656738, 5.55959459278305e-05,
        0.000106367407656738, 0.000203504504200748, 0.000357084295346644, 0.000574643829570478, 0.000848121393654296, 0.00114801764219911,  0.00142518216598191,  0.00162264482626724,  0.00169436835921373,  0.00162264482626724,  0.00142518216598191,  0.00114801764219911,  0.000848121393654296, 0.000574643829570478, 0.000357084295346644, 0.000203504504200748, 0.000106367407656738,
        0.000186640246416797, 0.000357084295346644, 0.000626566937591844, 0.00100831324477739,  0.00148817752909640,  0.00201439802239364,  0.00250073172325580,  0.00284721454525617,  0.00297306604580432,  0.00284721454525617,  0.00250073172325580,  0.00201439802239364,  0.00148817752909640,  0.00100831324477739,  0.000626566937591844, 0.000357084295346644, 0.000186640246416797,
        0.000300353914609461, 0.000574643829570478, 0.00100831324477739,  0.00162264482626724,  0.00239487439113087,  0.00324170345476482,  0.00402434403558712,  0.00458192726820001,  0.00478445588448085,  0.00458192726820001,  0.00402434403558712,  0.00324170345476482,  0.00239487439113087,  0.00162264482626724,  0.00100831324477739,  0.000574643829570478, 0.000300353914609461,
        0.000443294728908000, 0.000848121393654296, 0.00148817752909640,  0.00239487439113087,  0.00353461414133880,  0.00478445588448085,  0.00593956133585855,  0.00676250285891533,  0.00706141645279030,  0.00676250285891533,  0.00593956133585855,  0.00478445588448085,  0.00353461414133880,  0.00239487439113087,  0.00148817752909640,  0.000848121393654296, 0.000443294728908000,
        0.000600044018801974, 0.00114801764219911,  0.00201439802239364,  0.00324170345476482,  0.00478445588448085,  0.00647624243982486,  0.00803979389213322,  0.00915372804594197,  0.00955833767120214,  0.00915372804594197,  0.00803979389213322,  0.00647624243982486,  0.00478445588448085,  0.00324170345476482,  0.00201439802239364,  0.00114801764219911,  0.000600044018801974,
        0.000744911927278875, 0.00142518216598191,  0.00250073172325580,  0.00402434403558712,  0.00593956133585855,  0.00803979389213322,  0.00998083169809971,  0.0113637016399286,   0.0118659956822055,   0.0113637016399286,   0.00998083169809971,  0.00803979389213322,  0.00593956133585855,  0.00402434403558712,  0.00250073172325580,  0.00142518216598191,  0.000744911927278875,
        0.000848121393654296, 0.00162264482626724,  0.00284721454525617,  0.00458192726820001,  0.00676250285891533,  0.00915372804594197,  0.0113637016399286,   0.0129381717743925,   0.0135100599501079,   0.0129381717743925,   0.0113637016399286,   0.00915372804594197,  0.00676250285891533,  0.00458192726820001,  0.00284721454525617,  0.00162264482626724,  0.000848121393654296,
        0.000885609734747598, 0.00169436835921373,  0.00297306604580432,  0.00478445588448085,  0.00706141645279030,  0.00955833767120214,  0.0118659956822055,   0.0135100599501079,   0.0141072265106852,   0.0135100599501079,   0.0118659956822055,   0.00955833767120214,  0.00706141645279030,  0.00478445588448085,  0.00297306604580432,  0.00169436835921373,  0.000885609734747598,
        0.000848121393654296, 0.00162264482626724,  0.00284721454525617,  0.00458192726820001,  0.00676250285891533,  0.00915372804594197,  0.0113637016399286,   0.0129381717743925,   0.0135100599501079,   0.0129381717743925,   0.0113637016399286,   0.00915372804594197,  0.00676250285891533,  0.00458192726820001,  0.00284721454525617,  0.00162264482626724,  0.000848121393654296,
        0.000744911927278875, 0.00142518216598191,  0.00250073172325580,  0.00402434403558712,  0.00593956133585855,  0.00803979389213322,  0.00998083169809971,  0.0113637016399286,   0.0118659956822055,   0.0113637016399286,   0.00998083169809971,  0.00803979389213322,  0.00593956133585855,  0.00402434403558712,  0.00250073172325580,  0.00142518216598191,  0.000744911927278875,
        0.000600044018801974, 0.00114801764219911,  0.00201439802239364,  0.00324170345476482,  0.00478445588448085,  0.00647624243982486,  0.00803979389213322,  0.00915372804594197,  0.00955833767120214,  0.00915372804594197,  0.00803979389213322,  0.00647624243982486,  0.00478445588448085,  0.00324170345476482,  0.00201439802239364,  0.00114801764219911,  0.000600044018801974,
        0.000443294728908000, 0.000848121393654296, 0.00148817752909640,  0.00239487439113087,  0.00353461414133880,  0.00478445588448085,  0.00593956133585855,  0.00676250285891533,  0.00706141645279030,  0.00676250285891533,  0.00593956133585855,  0.00478445588448085,  0.00353461414133880,  0.00239487439113087,  0.00148817752909640,  0.000848121393654296, 0.000443294728908000,
        0.000300353914609461, 0.000574643829570478, 0.00100831324477739,  0.00162264482626724,  0.00239487439113087,  0.00324170345476482,  0.00402434403558712,  0.00458192726820001,  0.00478445588448085,  0.00458192726820001,  0.00402434403558712,  0.00324170345476482,  0.00239487439113087,  0.00162264482626724,  0.00100831324477739,  0.000574643829570478, 0.000300353914609461,
        0.000186640246416797, 0.000357084295346644, 0.000626566937591844, 0.00100831324477739,  0.00148817752909640,  0.00201439802239364,  0.00250073172325580,  0.00284721454525617,  0.00297306604580432,  0.00284721454525617,  0.00250073172325580,  0.00201439802239364,  0.00148817752909640,  0.00100831324477739,  0.000626566937591844, 0.000357084295346644, 0.000186640246416797,
        0.000106367407656738, 0.000203504504200748, 0.000357084295346644, 0.000574643829570478, 0.000848121393654296, 0.00114801764219911,  0.00142518216598191,  0.00162264482626724,  0.00169436835921373,  0.00162264482626724,  0.00142518216598191,  0.00114801764219911,  0.000848121393654296, 0.000574643829570478, 0.000357084295346644, 0.000203504504200748, 0.000106367407656738,
        5.55959459278305e-05, 0.000106367407656738, 0.000186640246416797, 0.000300353914609461, 0.000443294728908000, 0.000600044018801974, 0.000744911927278875, 0.000848121393654296, 0.000885609734747598, 0.000848121393654296, 0.000744911927278875, 0.000600044018801974, 0.000443294728908000, 0.000300353914609461, 0.000186640246416797, 0.000106367407656738, 5.55959459278305e-05
    },
    {
        0.000360167651076071, 0.00106084022060085, 0.00229484704297441, 0.00364599445829020, 0.00425438469465621, 0.00364599445829020, 0.00229484704297441, 0.00106084022060085, 0.000360167651076071,
        0.00106084022060085,  0.00312460591694495, 0.00675925790681296, 0.0107389365865762,  0.0125308932784936,  0.0107389365865762,  0.00675925790681296, 0.00312460591694495, 0.00106084022060085,
        0.00229484704297441,  0.00675925790681296, 0.0146218654976766,  0.0232308470133570,  0.0271072710362468,  0.0232308470133570,  0.0146218654976766,  0.00675925790681296, 0.00229484704297441,
        0.00364599445829020,  0.0107389365865762,  0.0232308470133570,  0.0369085772977295,  0.0430673409280585,  0.0369085772977295,  0.0232308470133570,  0.0107389365865762,  0.00364599445829020,
        0.00425438469465621,  0.0125308932784936,  0.0271072710362468,  0.0430673409280585,  0.0502537889675776,  0.0430673409280585,  0.0271072710362468,  0.0125308932784936,  0.00425438469465621,
        0.00364599445829020,  0.0107389365865762,  0.0232308470133570,  0.0369085772977295,  0.0430673409280585,  0.0369085772977295,  0.0232308470133570,  0.0107389365865762,  0.00364599445829020,
        0.00229484704297441,  0.00675925790681296, 0.0146218654976766,  0.0232308470133570,  0.0271072710362468,  0.0232308470133570,  0.0146218654976766,  0.00675925790681296, 0.00229484704297441,
        0.00106084022060085,  0.00312460591694495, 0.00675925790681296, 0.0107389365865762,  0.0125308932784936,  0.0107389365865762,  0.00675925790681296, 0.00312460591694495, 0.00106084022060085,
        0.000360167651076071, 0.00106084022060085, 0.00229484704297441, 0.00364599445829020, 0.00425438469465621, 0.00364599445829020, 0.00229484704297441, 0.00106084022060085, 0.000360167651076071
    },
    {
        0.00296901674395050, 0.0133062098910137, 0.0219382312797146, 0.0133062098910137, 0.00296901674395050,
        0.0133062098910137,  0.0596342954361801, 0.0983203313488458, 0.0596342954361801, 0.0133062098910137,
        0.0219382312797146,  0.0983203313488458, 0.162102821637127,  0.0983203313488458, 0.0219382312797146,
        0.0133062098910137,  0.0596342954361801, 0.0983203313488458, 0.0596342954361801, 0.0133062098910137,
        0.00296901674395050, 0.0133062098910137, 0.0219382312797146, 0.0133062098910137, 0.00296901674395050
    },
    {
        0.0276818087794658, 0.111014893010991, 0.0276818087794658,
        0.111014893010991,  0.445213192838173, 0.111014893010991,
        0.0276818087794658, 0.111014893010991, 0.0276818087794658
    }
};

const int vif_filter2d_width[4] = { 17, 9, 5, 3 };

